23495
53119
42032
35599
36546
56487
15281
17903
63364
27232
8293
32226
59741
6040
3687
15398
27366
53425
3656
56693
62742
12024
14939
62910
35571
1426
9167
19937
23699
50714
2008
52108
18977
13283
34602
23246
57210
9349
54880
41075
21637
29265
54181
12853
57915
29356
14437
53345
17955
8885
21572
2543
42715
16553
44051
23240
37244
58413
15282
8667
27233
4994
26480
21583
12660
52131
18500
2716
48065
62936
35110
34315
44836
39616
37403
5933
25178
4348
692
628
55613
63847
14517
42449
4960
9173
48093
25306
51204
19004
17521
15136
1753
17685
49812
21037
28188
36581
22481
16431
13813
48798
54712
1082
921
62704
48004
37663
44514
63514
15454
15045
3600
4247
59271
65417
60290
22312
42634
33821
42412
32472
60126
8848
42372
45985
51068
28939
56435
42113
64183
13467
50134
32469
29962
39494
55868
33847
251
45303
33906
1222
23200
28612
21777
12706
14749
55777
63215
16056
47577
63121
35573
15399
52525
42434
2410
34476
17888
52233
51016
34802
56950
47250
23207
7057
57846
65440
52035
28727
45117
43702
58996
52800
61132
38536
9799
47582
24408
1220
27329
24472
56745
55023
42999
53774
11451
1540
5360
4164
62315
51874
39770
4169
31287
33192
41025
41736
32998
49988
26491
14345
27645
56569
36731
39578
22844
3190
34632
16914
38951
32509
38170
52330
64029
25229
34720
35303
19677
53344
36524
31189
44318
14026
57297
55325
48335
16531
45363
427
58499
17435
1535
26226
53539
41848
42396
58379
14645
31198
5679
59107
30477
41215
23994
17135
47818
52289
49130
52016
65191
56987
23367
16884
46525
3097
62395
34432
34769
110
64469
43058
44886
33373
63223
18198
35104
40582
7621
61246
6613
44452
6552
45643
13355
53407
7068
31389
11997
10815
18199
33086
55733
315
44111
2871
28987
32739
4225
30958
30608
20220
45163
41649
37501
18932
39756
7335
18738
57751
21789
62120
56316
61912
5531
42501
35661
15835
16270
9259
50761
64764
60905
16878
41466
53890
42007
15365
7454
49761
4455
20032
30769
44518
17975
41131
59721
13788
57706
22554
16045
35523
24409
20183
23860
22883
26051
59141
42864
10396
21454
6697
11246
53013
32479
46425
23169
12921
61068
61289
1519
63697
32768
53919
42926
52483
38293
28194
29172
3206
42736
20695
26699
17216
35350
22468
56222
34463
23563
35302
39758
12149
53407
17040
31941
28201
621
48772
34114
60395
53012
46817
47522
61589
26028
52341
1252
3478
1818
23975
41794
62779
32628
65005
23665
10478
38199
12073
38619
27393
25814
32861
59114
10089
17899
41298
23561
15554
43060
58642
4066
616
9061
44339
46848
2906
25104
10847
27548
52880
22438
9075
7982
1661
24629
12353
64634
41170
8251
12237
11764
32695
45036
10156
35349
64681
22995
7150
25697
7476
54594
32760
28037
10572
56158
23102
6669
58424
34452
4641
23957
468
29061
41328
49813
44394
45275
52676
38145
37531
52378
27098
14921
63305
56943
63507
9214
7257
7248
28161
30219
30076
55110
8494
23954
58299
26084
59340
50555
11729
30422
20628
6284
35447
55941
9298
53728
28186
16683
36257
60206
36132
38173
45104
42867
26687
13786
54595
40887
59217
12237
52953
25092
52266
48332
49759
57216
52646
37563
10085
35083
18809
20008
43675
31052
58372
14097
37287
49836
32009
41928
46449
46842
21492
55864
46769
18487
28861
55287
32717
60865
44510
18108
51208
29235
32314
53882
12959
54176
36299
26975
59677
50429
5971
51725
36628
11185
37563
25163
1766
8821
45423
28135
22381
2688
21955
41830
49563
10345
54062
32733
42905
19095
46213
30261
48369
20118
3580
17732
17689
51430
61627
29918
9068
2677
32627
14766
43468
42933
56535
39718
27015
6722
20650
56331
37280
9792
35832
38270
26067
7131
35804
17381
8019
37430
49606
56717
41826
48997
35572
27051
16579
30644
44248
1204
27645
14570
13316
45652
55149
31611
19660
18048
26638
3916
12958
23490
19992
14959
17202
7702
55868
2626
24472
56489
45282
8360
46299
8946
27933
52291
37564
10230
4370
27043
20312
58017
16766
39052
11367
2279
64115
25176
31885
50749
27683
57512
48916
31322
1050
38206
19647
21458
23047
30756
25435
61692
4820
49039
42367
17668
41586
47206
27367
3434
47014
20046
53832
64905
42613
29107
22869
4195
12574
43228
43467
58720
64928
16884
17439
47261
64082
48675
6442
3017
6147
52418
64745
59106
32469
8365
3241
16750
44491
23485
46048
33414
32515
32027
23436
35144
36113
41282
4612
40276
60515
24029
37686
22820
5797
45823
9597
50061
35334
65062
15285
41941
17139
54527
56431
47502
26912
25966
30293
4226
22595
22815
13521
42556
28222
9220
42214
5008
37885
43541
47682
52817
26589
53377
7875
55063
59563
38002
25850
37404
58184
54569
55004
500
39645
844
28458
21592
55535
13174
15425
30162
63283
45429
16511
20011
32177
41829
36080
3519
37935
50030
8609
6515
706
56138
18668
16437
37523
55677
975
59365
53798
56371
29148
18592
5982
60562
19204
62137
57838
54821
51635
9675
51912
13279
13105
43995
3245
38595
20774
19392
32702
25688
7055
40657
63954
31771
56562
24833
18360
54910
48393
48360
1248
38071
46894
49190
7929
33307
4923
1351
48815
60709
59445
49227
3476
19170
35217
5875
6188
2708
61665
63454
4529
52247
53376
16380
587
14663
30236
50847
26630
44205
39142
2629
21271
42212
39950
29957
53103
34943
22015
7082
3096
10227
38240
8258
13598
42643
4234
31864
45699
24335
14687
31647
52946
1934
18443
64629
17883
54168
18944
10478
2309
53955
55610
31730
34303
233
28923
2884
55048
52104
58136
21402
42458
36457
57748
32837
58230
17341
44594
62209
15379
22512
64195
56738
55169
62380
44046
4905
16271
50522
15294
59809
28658
15016
48848
34681
8596
33091
23354
18127
24301
36642
7042
52440
41949
54856
22467
62509
2503
20496
17313
62455
56572
55622
58898
5238
2690
48341
50384
26859
63945
3684
47175
10332
64715
37917
42956
26542
44743
26115
46934
51408
34424
48452
47639
41513
63672
17858
28204
47022
48104
27460
10208
47563
49103
53561
37951
52853
63702
23370
11809
46062
11568
52518
56218
60364
1636
11361
1805
32110
1716
18206
58534
33285
61313
20694
38184
59211
12575
41731
32802
53747
13552
50507
48061
17203
36159
52953
13859
11933
10887
35991
50561
60478
49314
9389
24332
57278
10106
60127
46224
